TOTAL_BITS 162016
e 000 3106
l 00100 800
' 0010100000 24
- 0010100001 24
D 001010001 49
N 00101001 99
P 00101010 104
S 00101011 104
R 00101100 106
x 001011010 53
V 00101101100 13
2 00101101101 13
j 0010110111 27
. 0010111 218
a 0011 1793
n 0100 1804
d 01010 870
g 010110 456
1 0101110000 28
0 01011100010 14
6 010111000110 8
9 0101110001110 4
` 0101110001111 4
U 010111001 60
E 01011101 122
A 01011110 124
) 010111110 60
q 0101111110 32
M 0101111111 33
i 0110 2037
r 0111 2073
h 10000 1011
c 10001 1088
t 1001 2300
I 10100000 129
L 10100001 141
G 101000100 69
7 101000101000 8
3 101000101001 9
; 10100010101 17
5 1010001011000 5
4 1010001011001 5
< 101000101101 10
/ 10100010111 20
T 10100011 144
y 101001 597
b 1010100 300
, 1010101 313
m 101011 623
o 1011 2503
v 1100000 314
C 110000100 78
" 110000101 82
k 11000011 174
f 110001 663
p 110010 670
\n 110011 674
> 110100000000 10
z 110100000001 11
B 11010000001 22
( 1101000001 45
F 1101000010 46
H 1101000011 46
O 110100010 94
: 110100011000 11
K 11010001100100 3
Q 11010001100101 3
J 110100011001100 1
8 110100011001101 2
X 11010001100111 3
W 11010001101 23
Y 1101000111 48
w 1101001 392
u 110101 764
s 11011 1581
SPACE 111 5835
